0.0000000000000000000000000000000000000000000000000000000000000000e+00 7.3075951470878419691246108413906767964363098144531250000000000000e-02 1.7240001663301202095013309190107975155115127563476562500000000000e-01 1.5343037662929881470574855484301224350929260253906250000000000000e-01 5.4559313272300000163816946496808668598532676696777343750000000000e-02 5.0071611577644792312469235184835270047187805175781250000000000000e-01 4.6359569292892793823668284858285915106534957885742187500000000000e-01
7.3075951470878419691246108413906767964363098144531250000000000000e-02 0.0000000000000000000000000000000000000000000000000000000000000000e+00 4.2994180297871970042322686822444666177034378051757812500000000000e-02 1.5151488980090669494993349530886916909366846084594726562500000000e-02 9.6043957883537381392535792201670119538903236389160156250000000000e-02 5.0166560693373785095872108286130242049694061279296875000000000000e-01 1.0301429540660343719959968211696832440793514251708984375000000000e-01
1.7240001663301202095013309190107975155115127563476562500000000000e-01 4.2994180297871970042322686822444666177034378051757812500000000000e-02 0.0000000000000000000000000000000000000000000000000000000000000000e+00 6.9796670538995351715239046086480811936780810356140136718750000000e-03 9.5373538624895556198302060124660783912986516952514648437500000000e-03 1.3892065042024848153801031003240495920181274414062500000000000000e-01 4.0833137826605775400068409908271860331296920776367187500000000000e-01
1.5343037662929881470574855484301224350929260253906250000000000000e-01 1.5151488980090669494993349530886916909366846084594726562500000000e-02 6.9796670538995351715239046086480811936780810356140136718750000000e-03 0.0000000000000000000000000000000000000000000000000000000000000000e+00 2.5244195147496555206231838575092751852935180068016052246093750000e-04 1.3158841940944254744749741803389042615890502929687500000000000000e-01 1.1953057349333422176851371432348969392478466033935546875000000000e-01
5.4559313272300000163816946496808668598532676696777343750000000000e-02 9.6043957883537381392535792201670119538903236389160156250000000000e-02 9.5373538624895556198302060124660783912986516952514648437500000000e-03 2.5244195147496555206231838575092751852935180068016052246093750000e-04 0.0000000000000000000000000000000000000000000000000000000000000000e+00 3.0046564181197926712840740037790965288877487182617187500000000000e-01 2.8618618585862787284668229403905570507049560546875000000000000000e-01
5.0071611577644792312469235184835270047187805175781250000000000000e-01 5.0166560693373785095872108286130242049694061279296875000000000000e-01 1.3892065042024848153801031003240495920181274414062500000000000000e-01 1.3158841940944254744749741803389042615890502929687500000000000000e-01 3.0046564181197926712840740037790965288877487182617187500000000000e-01 0.0000000000000000000000000000000000000000000000000000000000000000e+00 1.3073067092889981144487876463244901970028877258300781250000000000e-01
4.6359569292892793823668284858285915106534957885742187500000000000e-01 1.0301429540660343719959968211696832440793514251708984375000000000e-01 4.0833137826605775400068409908271860331296920776367187500000000000e-01 1.1953057349333422176851371432348969392478466033935546875000000000e-01 2.8618618585862787284668229403905570507049560546875000000000000000e-01 1.3073067092889981144487876463244901970028877258300781250000000000e-01 0.0000000000000000000000000000000000000000000000000000000000000000e+00
