0.0000000000000000000000000000000000000000000000000000000000000000e+00 8.4859843106325538730771995687973685562610626220703125000000000000e-01 9.8819135653510326022797016776166856288909912109375000000000000000e-01 1.4457528355199165126521165802842006087303161621093750000000000000e+00 1.6071718576907840780876313147018663585186004638671875000000000000e+00 3.8199449286112532320203172275796532630920410156250000000000000000e+00 9.1553148999820821440920326494961045682430267333984375000000000000e-01
8.4859843106325538730771995687973685562610626220703125000000000000e-01 0.0000000000000000000000000000000000000000000000000000000000000000e+00 4.0032438356059413253618117778387386351823806762695312500000000000e-01 8.4988190336287239290413708658888936042785644531250000000000000000e-01 4.1917429644642667518894540990004315972328186035156250000000000000e-01 4.1617658338813541263334627728909254074096679687500000000000000000e+00 1.0903186334889236608347573564969934523105621337890625000000000000e+00
9.8819135653510326022797016776166856288909912109375000000000000000e-01 4.0032438356059413253618117778387386351823806762695312500000000000e-01 0.0000000000000000000000000000000000000000000000000000000000000000e+00 1.2236502967707872657765477697466849349439144134521484375000000000e-01 3.8670484593219263402819052544145961292088031768798828125000000000e-02 2.1245839840951039612093609321163967251777648925781250000000000000e+00 8.7234881313398426883054526115301996469497680664062500000000000000e-01
1.4457528355199165126521165802842006087303161621093750000000000000e+00 8.4988190336287239290413708658888936042785644531250000000000000000e-01 1.2236502967707872657765477697466849349439144134521484375000000000e-01 0.0000000000000000000000000000000000000000000000000000000000000000e+00 7.5277902373411436157124576595833786996081471443176269531250000000e-03 2.7368634284750070762015639047604054212570190429687500000000000000e+00 1.8040707643356241884902146921376697719097137451171875000000000000e+00
1.6071718576907840780876313147018663585186004638671875000000000000e+00 4.1917429644642667518894540990004315972328186035156250000000000000e-01 3.8670484593219263402819052544145961292088031768798828125000000000e-02 7.5277902373411436157124576595833786996081471443176269531250000000e-03 0.0000000000000000000000000000000000000000000000000000000000000000e+00 1.3598287656399603573476042583934031426906585693359375000000000000e+00 7.4363228089483157656758294251631014049053192138671875000000000000e-01
3.8199449286112532320203172275796532630920410156250000000000000000e+00 4.1617658338813541263334627728909254074096679687500000000000000000e+00 2.1245839840951039612093609321163967251777648925781250000000000000e+00 2.7368634284750070762015639047604054212570190429687500000000000000e+00 1.3598287656399603573476042583934031426906585693359375000000000000e+00 0.0000000000000000000000000000000000000000000000000000000000000000e+00 1.1736887356508858282211349433055147528648376464843750000000000000e+00
9.1553148999820821440920326494961045682430267333984375000000000000e-01 1.0903186334889236608347573564969934523105621337890625000000000000e+00 8.7234881313398426883054526115301996469497680664062500000000000000e-01 1.8040707643356241884902146921376697719097137451171875000000000000e+00 7.4363228089483157656758294251631014049053192138671875000000000000e-01 1.1736887356508858282211349433055147528648376464843750000000000000e+00 0.0000000000000000000000000000000000000000000000000000000000000000e+00
